ID   - Individual ID number
TIME - Time in minutes
DV   - (TYPE=0) Dopamine concentration in nM (TYPE=0)
DV   - (TYPE=1) Amphetamine concentration in ug/mL
AMT  - Administered amphetamin dose in mg
TYPE - 0=Dopamin and 1=Amphetamine
ID TIME DV AMT TYPE
 2  15   0.31510 0 0
 2  30   0.11230 0 0
 2  45   0.09970 0 0
 2  60   0.00000 5 1
 2  60   0.14390 0 0
 2  75  36.46900 0 0
 2  75   1.47431 0 1
 2  90  88.77900 0 0
 2  90   2.57968 0 1
 2 105  69.04800 0 0
 2 105   2.58262 0 1
 2 120  63.43200 0 0
 2 120   2.32911 0 1
 2 135 123.81000 0 0
 2 135   2.34054 0 1
 2 150 117.94000 0 0
 2 150   2.11219 0 1
 2 165 102.92000 0 0
 2 165   1.92069 0 1
 2 180  92.37300 0 0
 2 180   1.33322 0 1
 2 195  80.15700 0 0
 2 195   1.22859 0 1
 2 210  47.24300 0 0
 2 210   0.79938 0 1
 2 225  14.28800 0 0
 2 225   0.83567 0 1
 2 240  13.88500 0 0
 2 240   0.50366 0 1
 3  15   0.01710 0 0
 3  30   0.02370 0 0
 3  45   0.01110 0 0
 3  60   0.00000 5 1
 3  60   0.02030 0 0
 3  75   0.00000 0 0
 3  75   3.01956 0 1
 3  90   0.00000 0 0
 3  90   2.85563 0 1
 3 105   0.02830 0 0
 3 105   2.91343 0 1
 3 120   0.20090 0 0
 3 120   2.92841 0 1
 3 135   2.76140 0 0
 3 135   2.03444 0 1
 3 150   2.63110 0 0
 3 150   2.30432 0 1
 3 165   1.80000 0 0
 3 165   1.82528 0 1
 3 180   1.65460 0 0
 3 180   1.67603 0 1
 3 195   1.26540 0 0
 3 195   1.02236 0 1
 3 210   1.70090 0 0
 3 210   0.84652 0 1
 3 225   1.29400 0 0
 3 225   0.70701 0 1
 3 240   0.73910 0 0
 3 240   0.69762 0 1
 4  15   0.08800 0 0
 4  30   0.07200 0 0
 4  45   0.05570 0 0
 4  60   0.00000 5 1
 4  60   0.06410 0 0
 4  75  35.62700 0 0
 4  75   3.38164 0 1
 4  90  52.78500 0 0
 4  90   3.74148 0 1
 4 105  32.05600 0 0
 4 105   3.76791 0 1
 4 120  25.51600 0 0
 4 120   3.17526 0 1
 4 135  19.28300 0 0
 4 135   2.66907 0 1
 4 150  16.40800 0 0
 4 150   2.35915 0 1
 4 165  12.62300 0 0
 4 165   1.51451 0 1
 4 180  12.63800 0 0
 4 180   1.52212 0 1
 4 195  11.14200 0 0
 4 195   1.07250 0 1
 4 210  10.08500 0 0
 4 210   0.86345 0 1
 4 225   8.99340 0 0
 4 225   0.67490 0 1
 4 240   6.94430 0 0
 4 240   0.68089 0 1
 5  15   0.07490 0 0
 5  30   0.07230 0 0
 5  45   0.05060 0 0
 5  60   0.00000 5 1
 5  60   0.06180 0 0
 5  75  27.60700 0 0
 5  75   3.28402 0 1
 5  90  48.39100 0 0
 5  90   2.79136 0 1
 5 105  26.84100 0 0
 5 105   3.75948 0 1
 5 120  19.15700 0 0
 5 120   2.25774 0 1
 5 135  37.34000 0 0
 5 135   1.57907 0 1
 5 150  11.64100 0 0
 5 150   1.64856 0 1
 5 165   9.35570 0 0
 5 165   1.53552 0 1
 5 180   9.53030 0 0
 5 180   1.28922 0 1
 5 195   7.63690 0 0
 5 195   1.08906 0 1
 5 210   7.03490 0 0
 5 210   0.68926 0 1
 5 225   5.11860 0 0
 5 225   0.68483 0 1
 5 240   3.81000 0 0
 5 240   0.52645 0 1
 6  15   0.05600 0 0
 6  30   0.04940 0 0
 6  45   0.00000 0 0
 6  60   0.00000 5 1
 6  60   0.10300 0 0
 6  75  13.89500 0 0
 6  75   2.75682 0 1
 6  90  28.40700 0 0
 6  90   2.95867 0 1
 6 105  19.32300 0 0
 6 105   2.65115 0 1
 6 120  14.16300 0 0
 6 120   3.02359 0 1
 6 135  11.57500 0 0
 6 135   2.30030 0 1
 6 150   9.39400 0 0
 6 150   2.27406 0 1
 6 165   9.29110 0 0
 6 165   1.73684 0 1
 6 180   6.84800 0 0
 6 180   1.02178 0 1
 6 195   5.37140 0 0
 6 195   0.96297 0 1
 6 210   5.54570 0 0
 6 210   0.81351 0 1
 6 225   4.07510 0 0
 6 225   0.80319 0 1
 6 240   0.32800 0 0
 6 240   0.55804 0 1
 7  15   0.10690 0 0
 7  30   0.06940 0 0
 7  45   0.05970 0 0
 7  60   0.00000 5 1
 7  60   0.07610 0 0
 7  75  49.46000 0 0
 7  75   2.74889 0 1
 7  90  91.02400 0 0
 7  90   3.35003 0 1
 7 105  52.81300 0 0
 7 105   3.96557 0 1
 7 120  39.35900 0 0
 7 120   3.24485 0 1
 7 135  31.15500 0 0
 7 135   1.78523 0 1
 7 150  27.55300 0 0
 7 150   1.90769 0 1
 7 165  21.32400 0 0
 7 165   1.48558 0 1
 7 180  20.18900 0 0
 7 180   1.16129 0 1
 7 195  16.40700 0 0
 7 195   1.12495 0 1
 7 210  16.06400 0 0
 7 210   1.00422 0 1
 7 225  14.56600 0 0
 7 225   0.61576 0 1
 7 240  11.61100 0 0
 7 240   0.65740 0 1
 8  15   0.09490 0 0
 8  30   0.09310 0 0
 8  45   0.06770 0 0
 8  60   0.00000 5 1
 8  60   0.08220 0 0
 8  75  31.05900 0 0
 8  75   2.90758 0 1
 8  90  44.10300 0 0
 8  90   4.63989 0 1
 8 105  25.91900 0 0
 8 105   2.69237 0 1
 8 120  20.93700 0 0
 8 120   3.37739 0 1
 8 135  16.88500 0 0
 8 135   2.63921 0 1
 8 150  13.63900 0 0
 8 150   1.88292 0 1
 8 165  12.69700 0 0
 8 165   1.75865 0 1
 8 180  10.98300 0 0
 8 180   1.38646 0 1
 8 195  10.24800 0 0
 8 195   1.73456 0 1
 8 210  10.64500 0 0
 8 210   0.99810 0 1
 8 225  14.10200 0 0
 8 225   1.03770 0 1
 8 240   9.35940 0 0
 8 240   0.77632 0 1
 9  15   0.05230 0 0
 9  30   0.05370 0 0
 9  45   0.04600 0 0
 9  60   0.00000 5 1
 9  60   0.06410 0 0
 9  75  35.71400 0 0
 9  75   3.25614 0 1
 9  90  69.20400 0 0
 9  90   2.92352 0 1
 9 105  40.53500 0 0
 9 105   2.98159 0 1
 9 120  18.66300 0 0
 9 120   2.91321 0 1
 9 135  16.53300 0 0
 9 135   2.74294 0 1
 9 150  31.61400 0 0
 9 150   2.43219 0 1
 9 165  28.61900 0 0
 9 165   1.49442 0 1
 9 180  21.18800 0 0
 9 180   1.74027 0 1
 9 195  13.59300 0 0
 9 195   1.15984 0 1
 9 210   6.44230 0 0
 9 210   1.05892 0 1
 9 225  10.03500 0 0
 9 225   0.86201 0 1
 9 240  10.03500 0 0
 9 240   0.70133 0 1
10  15   0.07570 0 0
10  30   0.08140 0 0
10  45   0.05260 0 0
10  60   0.00000 5 1
10  60   0.07290 0 0
10  75  23.27600 0 0
10  75   2.78694 0 1
10  90  76.34800 0 0
10  90   2.97442 0 1
10 105  45.94300 0 0
10 105   3.88985 0 1
10 120  31.90900 0 0
10 120   3.12376 0 1
10 135  38.08100 0 0
10 135   2.63812 0 1
10 150  34.34500 0 0
10 150   2.13334 0 1
10 165  26.90000 0 0
10 165   2.35916 0 1
10 180  17.13300 0 0
10 180   1.82995 0 1
10 195  11.68700 0 0
10 195   1.94250 0 1
10 210  17.99500 0 0
10 210   1.45616 0 1
10 225  18.07500 0 0
10 225   1.09385 0 1
10 240  17.33900 0 0
10 240   1.42483 0 1
11  15   0.08370 0 0
11  30   0.07570 0 0
11  45   0.07660 0 0
11  60   0.00000 5 1
11  60   0.07430 0 0
11  75  19.13200 0 0
11  75   0.90791 0 1
11  90  43.51100 0 0
11  90   1.80970 0 1
11 105  28.79300 0 0
11 105   2.47053 0 1
11 120  19.64400 0 0
11 120   2.93985 0 1
11 135  13.09000 0 0
11 135   2.38708 0 1
11 150   8.97860 0 0
11 150   2.88807 0 1
11 165   5.73140 0 0
11 165   3.08710 0 1
11 180  18.73100 0 0
11 180   3.09002 0 1
11 195  33.02300 0 0
11 195   2.87913 0 1
11 210  33.11600 0 0
11 210   2.11060 0 1
11 225  35.14500 0 0
11 225   2.35473 0 1
11 240  28.64600 0 0
11 240   2.13898 0 1
12  15   0.04400 0 0
12  30   0.04690 0 0
12  45   0.04490 0 0
12  60   0.00000 5 1
12  60   0.04390 0 0
12  75   9.76260 0 0
12  75   2.86278 0 1
12  90  28.98700 0 0
12  90   3.23312 0 1
12 105  17.10900 0 0
12 105   3.44441 0 1
12 120  13.03500 0 0
12 120   2.72359 0 1
12 135  11.45600 0 0
12 135   2.55536 0 1
12 150   7.16030 0 0
12 150   2.01425 0 1
12 165   5.62890 0 0
12 165   2.12398 0 1
12 180   5.65540 0 0
12 180   1.86462 0 1
12 195   6.72600 0 0
12 195   1.08391 0 1
12 210   5.23140 0 0
12 210   0.83892 0 1
12 225   3.46090 0 0
12 225   0.81263 0 1
12 240   3.60400 0 0
12 240   0.54172 0 1
13  15   0.04770 0 0
13  30   0.04290 0 0
13  45   0.04660 0 0
13  60   0.00000 5 1
13  60   0.04710 0 0
13  75   0.50310 0 0
13  75   1.99291 0 1
13  90  20.82100 0 0
13  90   4.00811 0 1
13 105  38.37700 0 0
13 105   3.78474 0 1
13 120  33.11200 0 0
13 120   3.16561 0 1
13 135  29.01600 0 0
13 135   2.67048 0 1
13 150  25.85300 0 0
13 150   1.87987 0 1
13 165  27.00900 0 0
13 165   1.84632 0 1
13 180  12.54900 0 0
13 180   1.42648 0 1
13 195   2.01370 0 0
13 195   1.07177 0 1
13 210   0.72140 0 0
13 210   0.91654 0 1
13 225   0.69060 0 0
13 225   0.77637 0 1
13 240   0.39800 0 0
13 240   0.78557 0 1
15  15   0.08060 0 0
15  30   0.07490 0 0
15  45   0.05510 0 0
15  60   0.00000 5 1
15  60   0.06810 0 0
15  75   7.65630 0 0
15  75   2.38370 0 1
15  90  59.53500 0 0
15  90   3.21198 0 1
15 105  80.78300 0 0
15 105   3.58753 0 1
15 120  61.78400 0 0
15 120   2.76377 0 1
15 135  49.51500 0 0
15 135   2.49691 0 1
15 150  30.54500 0 0
15 150   2.59248 0 1
15 165  19.65400 0 0
15 165   1.91758 0 1
15 180  11.36600 0 0
15 180   1.84011 0 1
15 195   6.71570 0 0
15 195   1.69489 0 1
15 210   3.82860 0 0
15 210   1.89056 0 1
15 225  25.94100 0 0
15 225   1.16657 0 1
15 240  24.97900 0 0
15 240   1.30258 0 1
16  15   0.05830 0 0
16  30   0.05630 0 0
16  45   0.05970 0 0
16  60   0.00000 5 1
16  60   0.05860 0 0
16  75  19.21100 0 0
16  75   2.89822 0 1
16  90  98.15900 0 0
16  90   3.37387 0 1
16 105  84.02000 0 0
16 105   3.13082 0 1
16 120  50.80500 0 0
16 120   3.47044 0 1
16 135  32.80500 0 0
16 135   2.76668 0 1
16 150  28.21600 0 0
16 150   2.12728 0 1
16 165  23.31300 0 0
16 165   3.20585 0 1
16 180  22.22300 0 0
16 180   3.67189 0 1
16 195  30.88700 0 0
16 195   2.02119 0 1
16 210  40.64300 0 0
16 210   2.04309 0 1
16 225  38.77600 0 0
16 225   1.59411 0 1
16 240  22.34600 0 0
16 240   1.86577 0 1
17  15   0.12430 0 0
17  30   0.12290 0 0
17  45   0.11890 0 0
17  60   0.00000 5 1
17  60   0.12280 0 0
17  75  20.65900 0 0
17  75   2.14076 0 1
17  90  34.51100 0 0
17  90   2.83234 0 1
17 105  23.59000 0 0
17 105   3.10836 0 1
17 120  20.02600 0 0
17 120   2.84070 0 1
17 135  17.99100 0 0
17 135   2.21692 0 1
17 150  16.57500 0 0
17 150   1.61638 0 1
17 165  14.64800 0 0
17 165   1.93125 0 1
17 180  12.57700 0 0
17 180   1.41321 0 1
17 195  11.50900 0 0
17 195   1.28475 0 1
17 210  11.92300 0 0
17 210   1.18596 0 1
17 225  11.56600 0 0
17 225   0.97628 0 1
17 240   8.61110 0 0
17 240   0.78654 0 1
18  15   0.10370 0 0
18  30   0.07660 0 0
18  45   0.07430 0 0
18  60   0.00000 5 1
18  60   0.08110 0 0
18  75  32.17600 0 0
18  75   3.34855 0 1
18  90  66.54600 0 0
18  90   3.10716 0 1
18 105  50.73300 0 0
18 105   3.08557 0 1
18 120  41.26600 0 0
18 120   3.51625 0 1
18 135  35.28200 0 0
18 135   2.93467 0 1
18 150  29.09300 0 0
18 150   2.48967 0 1
18 165  25.32900 0 0
18 165   1.51282 0 1
18 180  22.06700 0 0
18 180   2.13531 0 1
18 195  20.74100 0 0
18 195   1.38249 0 1
18 210  18.04600 0 0
18 210   0.74274 0 1
18 225  16.37900 0 0
18 225   0.98710 0 1
18 240  14.66100 0 0
18 240   1.16662 0 1
19  15   0.03570 0 0
19  30   0.03200 0 0
19  45   0.03000 0 0
19  60   0.00000 5 1
19  60   0.03210 0 0
19  75   0.00000 0 0
19  75   2.15175 0 1
19  90   4.73460 0 0
19  90   3.14090 0 1
19 105   3.57340 0 0
19 105   2.70321 0 1
19 120   1.75660 0 0
19 120   2.20920 0 1
19 135   0.91800 0 0
19 135   2.11705 0 1
19 150   0.23260 0 0
19 150   1.48856 0 1
19 165   0.00000 0 0
19 165   1.49242 0 1
19 180   0.00000 0 0
19 180   1.67213 0 1
19 195   0.00000 0 0
19 195   1.28253 0 1
19 210   0.00000 0 0
19 210   0.78216 0 1
19 225   0.00000 0 0
19 225   0.64892 0 1
19 240   0.00000 0 0
19 240   0.56780 0 1
20  15   0.09200 0 0
20  30   0.07570 0 0
20  45   0.05740 0 0
20  60   0.00000 5 1
20  60   0.07050 0 0
20  75  10.87900 0 0
20  75   3.05321 0 1
20  90  43.78400 0 0
20  90   3.77254 0 1
20 105  28.30500 0 0
20 105   3.03594 0 1
20 120   0.00000 0 0
20 120   2.46517 0 1
20 135   0.00000 0 0
20 135   1.34525 0 1
20 150   0.00000 0 0
20 150   1.82336 0 1
20 165   0.00000 0 0
20 165   1.18265 0 1
20 180   0.00000 0 0
20 180   0.72386 0 1
20 195   0.00000 0 0
20 195   0.67703 0 1
20 210   0.00000 0 0
20 210   0.57166 0 1
20 225   0.00000 0 0
20 225   0.38725 0 1
20 240   0.00000 0 0
20 240   0.35251 0 1
21  15   0.18830 0 0
21  30   0.18490 0 0
21  45   0.09970 0 0
21  60   0.00000 5 1
21  60   0.13640 0 0
21  75  29.59900 0 0
21  75   2.62543 0 1
21  90  58.12900 0 0
21  90   3.85711 0 1
21 105  31.87700 0 0
21 105   3.86606 0 1
21 120  23.08500 0 0
21 120   2.29664 0 1
21 135  18.35100 0 0
21 135   1.76576 0 1
21 150  15.94400 0 0
21 150   2.15885 0 1
21 165  13.60100 0 0
21 165   1.57187 0 1
21 180  11.48500 0 0
21 180   1.02722 0 1
21 195  10.84600 0 0
21 195   1.11238 0 1
21 210   9.69400 0 0
21 210   0.84366 0 1
21 225   9.89000 0 0
21 225   0.60840 0 1
21 240   8.07000 0 0
21 240   0.50809 0 1
22  15   0.09400 0 0
22  30   0.09770 0 0
22  45   0.09260 0 0
22  60   0.00000 5 1
22  60   0.09480 0 0
22  75  48.03700 0 0
22  75   2.21253 0 1
22  90 130.50000 0 0
22  90   3.43030 0 1
22 105  96.57700 0 0
22 105   3.17028 0 1
22 120  62.90400 0 0
22 120   2.80011 0 1
22 135  55.81200 0 0
22 135   1.56773 0 1
22 150  37.52300 0 0
22 150   1.71463 0 1
22 165  29.99000 0 0
22 165   1.23984 0 1
22 180  25.96800 0 0
22 180   0.97556 0 1
22 195  20.74100 0 0
22 195   1.11724 0 1
22 210  17.96000 0 0
22 210   0.73300 0 1
22 225  14.03100 0 0
22 225   0.49465 0 1
22 240  11.91800 0 0
22 240   0.41851 0 1
